http://156.56.83.24:6003/25kb,26065,1,4800,6513,8342,14855
http://156.56.83.24:6003/25kb,26065,1,4800,6859,87264,94123
http://156.56.83.24:6003/25kb,26065,1,4800,8726,6926,15652
http://156.56.83.24:6003/25kb,26065,1,4800,4829,5447,10276
http://156.56.83.24:6003/25kb,26065,1,4800,5664,4997,10661
http://156.56.83.24:6003/25kb,26065,1,4800,6073,6737,12810
http://156.56.83.24:6003/25kb,26065,1,4800,7185,11340,18525
http://156.56.83.24:6003/25kb,26065,1,4800,5598,9401,14999
http://156.56.83.24:6003/25kb,26065,1,4800,4796,5227,10023
http://156.56.83.24:6003/25kb,26065,1,4800,3526,5412,8938
http://156.56.83.24:6003/25kb,26065,1,4800,5650,4703,10353
http://156.56.83.24:6003/25kb,26065,1,4800,4423,5984,10407
http://156.56.83.24:6003/25kb,26065,1,4800,8397,6193,14590
http://156.56.83.24:6003/25kb,26065,1,4800,6342,7420,13762
http://156.56.83.24:6003/25kb,26065,1,4800,6760,7091,13851
http://156.56.83.24:6003/25kb,26065,1,4800,4354,4838,9192
http://156.56.83.24:6003/25kb,26065,1,4800,3383,5724,9107
http://156.56.83.24:6003/25kb,26065,1,4800,5548,6374,11922
http://156.56.83.24:6003/25kb,26065,1,4800,4349,5767,10116
http://156.56.83.24:6003/25kb,26065,1,4800,4143,7960,12103
http://156.56.83.24:6003/25kb,26065,1,4800,6359,9459,15818
http://156.56.83.24:6003/25kb,26065,1,4800,7075,7316,14391
http://156.56.83.24:6003/25kb,26065,1,4800,6720,224161,230881
http://156.56.83.24:6003/25kb,26065,1,4800,4748,16365,21113
http://156.56.83.24:6003/25kb,26065,1,4800,4603,7790,12393
http://156.56.83.24:6003/25kb,26065,1,4800,6956,218972,225928
http://156.56.83.24:6003/25kb,26065,1,4800,6105,15774,21879
http://156.56.83.24:6003/25kb,26065,1,4800,7714,9467,17181
http://156.56.83.24:6003/25kb,26065,1,4800,3780,12825,16605
http://156.56.83.24:6003/25kb,26065,1,4800,5267,6592,11859
http://156.56.83.24:6003/25kb,26065,1,4800,3995,5448,9443
http://156.56.83.24:6003/25kb,26065,1,4800,5049,6834,11883
http://156.56.83.24:6003/25kb,26065,1,4800,4955,5329,10284
http://156.56.83.24:6003/25kb,26065,1,4800,4574,10054,14628
http://156.56.83.24:6003/25kb,26065,1,4800,8872,17428,26300
http://156.56.83.24:6003/25kb,26065,1,4800,4313,5609,9922
http://156.56.83.24:6003/25kb,26065,1,4800,9213,7354,16567
http://156.56.83.24:6003/25kb,26065,1,4800,6897,5999,12896
http://156.56.83.24:6003/25kb,26065,1,4800,5908,6703,12611
http://156.56.83.24:6003/25kb,26065,1,4800,7057,5815,12872
http://156.56.83.24:6003/25kb,26065,1,4800,6941,8011,14952
http://156.56.83.24:6003/25kb,26065,1,4800,9255,8729,17984
http://156.56.83.24:6003/25kb,26065,1,4800,6036,6988,13024
http://156.56.83.24:6003/25kb,26065,1,4800,4092,6305,10397
http://156.56.83.24:6003/25kb,26065,1,4800,5868,5841,11709
http://156.56.83.24:6003/25kb,26065,1,4800,5618,7411,13029
http://156.56.83.24:6003/25kb,26065,1,4800,6367,7102,13469
http://156.56.83.24:6003/25kb,26065,1,4800,10849,7327,18176
http://156.56.83.24:6003/25kb,26065,1,4800,6956,11424,18380
http://156.56.83.24:6003/25kb,26065,1,4800,2758,7457,10215
http://156.56.83.24:6003/25kb,26065,1,4800,2859,8825,11684
http://156.56.83.24:6003/25kb,26065,1,4800,4139,8677,12816
http://156.56.83.24:6003/25kb,26065,1,4800,4458,11124,15582
http://156.56.83.24:6003/25kb,26065,1,4800,5036,13542,18578
http://156.56.83.24:6003/25kb,26065,1,4800,8305,8102,16407
http://156.56.83.24:6003/25kb,26065,1,4800,5267,5458,10725
http://156.56.83.24:6003/25kb,26065,1,4800,7109,5244,12353
http://156.56.83.24:6003/25kb,26065,1,4800,7304,5949,13253
http://156.56.83.24:6003/25kb,26065,1,4800,9196,7283,16479
http://156.56.83.24:6003/25kb,26065,1,4800,8163,10083,18246
http://156.56.83.24:6003/25kb,26065,1,4800,6538,6661,13199
http://156.56.83.24:6003/25kb,26065,1,4800,8144,6990,15134
http://156.56.83.24:6003/25kb,26065,1,4800,8207,6023,14230
http://156.56.83.24:6003/25kb,26065,1,4800,5992,6006,11998
http://156.56.83.24:6003/25kb,26065,1,4800,5590,6274,11864
http://156.56.83.24:6003/25kb,26065,1,4800,6307,8698,15005
http://156.56.83.24:6003/25kb,26065,1,4800,7857,11187,19044
http://156.56.83.24:6003/25kb,26065,1,4800,3124,4831,7955
http://156.56.83.24:6003/25kb,26065,1,4800,4567,6657,11224
http://156.56.83.24:6003/25kb,26065,1,4800,3875,7333,11208
http://156.56.83.24:6003/25kb,26065,1,4800,6430,7622,14052
http://156.56.83.24:6003/25kb,26065,1,4800,6501,9234,15735
http://156.56.83.24:6003/25kb,26065,1,4800,5824,6414,12238
http://156.56.83.24:6003/25kb,26065,1,4800,5830,8549,14379
http://156.56.83.24:6003/25kb,26065,1,4800,5736,5673,11409
http://156.56.83.24:6003/25kb,26065,1,4800,7362,4588,11950
http://156.56.83.24:6003/25kb,26065,1,4800,5967,8099,14066
http://156.56.83.24:6003/25kb,26065,1,4800,6736,8188,14924
http://156.56.83.24:6003/25kb,26065,1,4800,5234,6736,11970
http://156.56.83.24:6003/25kb,26065,1,4800,4408,8017,12425
http://156.56.83.24:6003/25kb,26065,1,4800,5447,7179,12626
http://156.56.83.24:6003/25kb,26065,1,4800,7720,6010,13730
http://156.56.83.24:6003/25kb,26065,1,4800,2711,4792,7503
http://156.56.83.24:6003/25kb,26065,1,4800,3299,4482,7781
http://156.56.83.24:6003/25kb,26065,1,4800,3902,6358,10260
http://156.56.83.24:6003/25kb,26065,1,4800,9420,6413,15833
http://156.56.83.24:6003/25kb,26065,1,4800,5017,6911,11928
http://156.56.83.24:6003/25kb,26065,1,4800,4826,6223,11049
http://156.56.83.24:6003/25kb,26065,1,4800,5118,6970,12088
http://156.56.83.24:6003/25kb,26065,1,4800,5771,6491,12262
http://156.56.83.24:6003/25kb,26065,1,4800,6043,4661,10704
http://156.56.83.24:6003/25kb,26065,1,4800,5176,5759,10935
http://156.56.83.24:6003/25kb,26065,1,4800,5890,6028,11918
http://156.56.83.24:6003/25kb,26065,1,4800,4795,9091,13886
http://156.56.83.24:6003/25kb,26065,1,4800,12169,7162,19331
http://156.56.83.24:6003/25kb,26065,1,4800,6852,8101,14953
http://156.56.83.24:6003/25kb,26065,1,4800,6278,7936,14214
http://156.56.83.24:6003/25kb,26065,1,4800,7887,6692,14579
http://156.56.83.24:6003/25kb,26065,1,4800,6376,6559,12935
http://156.56.83.24:6003/25kb,26065,1,4800,11017,6867,17884
http://156.56.83.24:6003/25kb,26065,1,4800,8412,15996,24408
http://156.56.83.24:6003/25kb,26065,1,4800,6697,11007,17704
http://156.56.83.24:6003/25kb,26065,1,4800,9166,13109,22275
http://156.56.83.24:6003/25kb,26065,1,4800,4243,12721,16964
http://156.56.83.24:6003/25kb,26065,1,4800,7540,15158,22698
http://156.56.83.24:6003/25kb,26065,1,4800,6820,15315,22135
http://156.56.83.24:6003/25kb,26065,1,4800,4265,12465,16730
http://156.56.83.24:6003/25kb,26065,1,4800,5793,13863,19656
http://156.56.83.24:6003/25kb,26065,1,4800,6223,16612,22835
http://156.56.83.24:6003/25kb,26065,1,4800,5397,13450,18847
http://156.56.83.24:6003/25kb,26065,1,4800,6566,9095,15661
http://156.56.83.24:6003/25kb,26065,1,4800,4141,7824,11965
http://156.56.83.24:6003/25kb,26065,1,4800,4860,8566,13426
http://156.56.83.24:6003/25kb,26065,1,4800,7722,10217,17939
http://156.56.83.24:6003/25kb,26065,1,4800,4472,10926,15398
http://156.56.83.24:6003/25kb,26065,1,4800,5744,11747,17491
http://156.56.83.24:6003/25kb,26065,1,4800,3973,6911,10884
http://156.56.83.24:6003/25kb,26065,1,4800,7065,8057,15122
http://156.56.83.24:6003/25kb,26065,1,4800,6274,5632,11906
http://156.56.83.24:6003/25kb,26065,1,4800,6055,7750,13805
http://156.56.83.24:6003/25kb,26065,1,4800,5294,8176,13470
http://156.56.83.24:6003/25kb,26065,1,4800,6190,9529,15719
http://156.56.83.24:6003/25kb,26065,1,4800,4292,10908,15200
http://156.56.83.24:6003/25kb,26065,1,4800,3874,4473,8347
http://156.56.83.24:6003/25kb,26065,1,4800,5211,5800,11011
http://156.56.83.24:6003/25kb,26065,1,4800,4869,7593,12462
http://156.56.83.24:6003/25kb,26065,1,4800,5650,7573,13223
http://156.56.83.24:6003/25kb,26065,1,4800,4641,7990,12631
http://156.56.83.24:6003/25kb,26065,1,4800,11601,12621,24222
http://156.56.83.24:6003/25kb,26065,1,4800,4391,8930,13321
http://156.56.83.24:6003/25kb,26065,1,4800,4045,13273,17318
http://156.56.83.24:6003/25kb,26065,1,4800,11308,16604,27912
http://156.56.83.24:6003/25kb,26065,1,4800,5121,8797,13918
http://156.56.83.24:6003/25kb,26065,1,4800,5644,10080,15724
http://156.56.83.24:6003/25kb,26065,1,4800,5015,10520,15535
http://156.56.83.24:6003/25kb,26065,1,4800,5185,9535,14720
http://156.56.83.24:6003/25kb,26065,1,4800,4717,10878,15595
http://156.56.83.24:6003/25kb,26065,1,4800,6442,11340,17782
http://156.56.83.24:6003/25kb,26065,1,4800,4487,9449,13936
http://156.56.83.24:6003/25kb,26065,1,4800,4201,7544,11745
http://156.56.83.24:6003/25kb,26065,1,4800,8441,8343,16784
http://156.56.83.24:6003/25kb,26065,1,4800,6272,6558,12830
http://156.56.83.24:6003/25kb,26065,1,4800,3324,5682,9006
http://156.56.83.24:6003/25kb,26065,1,4800,4543,6410,10953
http://156.56.83.24:6003/25kb,26065,1,4800,6126,8810,14936
http://156.56.83.24:6003/25kb,26065,1,4800,8034,6077,14111
http://156.56.83.24:6003/25kb,26065,1,4800,6848,7296,14144
http://156.56.83.24:6003/25kb,26065,1,4800,8287,16940,25227
http://156.56.83.24:6003/25kb,26065,1,4800,5197,5031,10228
http://156.56.83.24:6003/25kb,26065,1,4800,3531,4031,7562
http://156.56.83.24:6003/25kb,26065,1,4800,5352,5426,10778
http://156.56.83.24:6003/25kb,26065,1,4800,8985,6785,15770
http://156.56.83.24:6003/25kb,26065,1,4800,7598,18146,25744
http://156.56.83.24:6003/25kb,26065,1,4800,5765,10756,16521
http://156.56.83.24:6003/25kb,26065,1,4800,4162,8237,12399
http://156.56.83.24:6003/25kb,26065,1,4800,3008,8619,11627
http://156.56.83.24:6003/25kb,26065,1,4800,4296,11132,15428
http://156.56.83.24:6003/25kb,26065,1,4800,5229,12708,17937
http://156.56.83.24:6003/25kb,26065,1,4800,8766,7508,16274
http://156.56.83.24:6003/25kb,26065,1,4800,4001,5554,9555
http://156.56.83.24:6003/25kb,26065,1,4800,5090,5927,11017
http://156.56.83.24:6003/25kb,26065,1,4800,6392,5258,11650
http://156.56.83.24:6003/25kb,26065,1,4800,4411,6239,10650
http://156.56.83.24:6003/25kb,26065,1,4800,4839,7285,12124
http://156.56.83.24:6003/25kb,26065,1,4800,5765,12090,17855
http://156.56.83.24:6003/25kb,26065,1,4800,4399,9133,13532
http://156.56.83.24:6003/25kb,26065,1,4800,3389,8041,11430
http://156.56.83.24:6003/25kb,26065,1,4800,3400,6223,9623
http://156.56.83.24:6003/25kb,26065,1,4800,5539,11283,16822
http://156.56.83.24:6003/25kb,26065,1,4800,4945,7776,12721
http://156.56.83.24:6003/25kb,26065,1,4800,7477,15466,22943
http://156.56.83.24:6003/25kb,26065,1,4800,2615,6417,9032
http://156.56.83.24:6003/25kb,26065,1,4800,3641,7021,10662
http://156.56.83.24:6003/25kb,26065,1,4800,3379,6629,10008
http://156.56.83.24:6003/25kb,26065,1,4800,5077,8699,13776
http://156.56.83.24:6003/25kb,26065,1,4800,3255,7582,10837
http://156.56.83.24:6003/25kb,26065,1,4800,3163,7934,11097
http://156.56.83.24:6003/25kb,26065,1,4800,4699,4938,9637
http://156.56.83.24:6003/25kb,26065,1,4800,4983,7029,12012
http://156.56.83.24:6003/25kb,26065,1,4800,6625,5428,12053
http://156.56.83.24:6003/25kb,26065,1,4800,4765,5694,10459
http://156.56.83.24:6003/25kb,26065,1,4800,3627,6656,10283
http://156.56.83.24:6003/25kb,26065,1,4800,4525,5748,10273
http://156.56.83.24:6003/25kb,26065,1,4800,7170,6821,13991
http://156.56.83.24:6003/25kb,26065,1,4800,6605,11955,18560
http://156.56.83.24:6003/25kb,26065,1,4800,4699,10118,14817
http://156.56.83.24:6003/25kb,26065,1,4800,4127,5780,9907
http://156.56.83.24:6003/25kb,26065,1,4800,6816,6147,12963
http://156.56.83.24:6003/25kb,26065,1,4800,5339,5161,10500
http://156.56.83.24:6003/25kb,26065,1,4800,4569,5367,9936
http://156.56.83.24:6003/25kb,26065,1,4800,4257,7140,11397
http://156.56.83.24:6003/25kb,26065,1,4800,7537,7557,15094
http://156.56.83.24:6003/25kb,26065,1,4800,5667,4751,10418
http://156.56.83.24:6003/25kb,26065,1,4800,5556,5608,11164
http://156.56.83.24:6003/25kb,26065,1,4800,6206,8067,14273
http://156.56.83.24:6003/25kb,26065,1,4800,9240,8290,17530
http://156.56.83.24:6003/25kb,26065,1,4800,7916,5799,13715
http://156.56.83.24:6003/25kb,26065,1,4800,6473,6664,13137
http://156.56.83.24:6003/25kb,26065,1,4800,5342,7062,12404
http://156.56.83.24:6003/25kb,26065,1,4800,7049,7426,14475
