url,dataLen,connId,timeForConnect,timeForRequest,timeForResponse,timeForRequestAndResponse
http://156.56.83.24:6003/25kb,26065,2,2532,2496,35335,37831
http://156.56.83.24:6003/25kb,26065,1,2535,11361,44809,56170
http://156.56.83.24:6003/25kb,26065,2,3850,14029,41729,55758
http://156.56.83.24:6003/25kb,26065,2,34953,51493,59515,111008
http://156.56.83.24:6003/25kb,26065,2,2454,1847,35961,37808
http://156.56.83.24:6003/25kb,26065,2,5066,5635,40968,46603
http://156.56.83.24:6003/25kb,26065,1,34564,40885,48526,89411
http://156.56.83.24:6003/25kb,26065,2,35461,46898,54501,101399
http://156.56.83.24:6003/25kb,26065,2,3934,13508,35257,48765
http://156.56.83.24:6003/25kb,26065,1,4752,12779,44988,57767
http://156.56.83.24:6003/25kb,26065,2,4145,13362,44875,58237
http://156.56.83.24:6003/25kb,26065,1,20364,33937,73119,107056
http://156.56.83.24:6003/25kb,26065,1,27064,48914,73923,122837
http://156.56.83.24:6003/25kb,26065,2,39761,36609,22918,59527
http://156.56.83.24:6003/25kb,26065,1,7774,24041,800592,824633
http://156.56.83.24:6003/25kb,26065,2,12393,9498,32292,41790
http://156.56.83.24:6003/25kb,26065,1,2615,17853,45155,63008
http://156.56.83.24:6003/25kb,26065,1,2829,2802,38220,41022
http://156.56.83.24:6003/25kb,26065,2,42267,48980,54778,103758
http://156.56.83.24:6003/25kb,26065,1,2830,2540,35000,37540
http://156.56.83.24:6003/25kb,26065,1,16499,8881,37718,46599
http://156.56.83.24:6003/25kb,26065,1,43873,47788,67822,115610
http://156.56.83.24:6003/25kb,26065,2,2682,2766,32111,34877
http://156.56.83.24:6003/25kb,26065,1,2760,2368,33977,36345
http://156.56.83.24:6003/25kb,26065,2,60062,43784,76474,120258
http://156.56.83.24:6003/25kb,26065,2,4863,3138,31829,34967
http://156.56.83.24:6003/25kb,26065,1,2217,12980,37934,50914
http://156.56.83.24:6003/25kb,26065,1,2307,2843,31510,34353
http://156.56.83.24:6003/25kb,26065,2,2469,12826,44995,57821
http://156.56.83.24:6003/25kb,26065,2,2239,2734,30109,32843
http://156.56.83.24:6003/25kb,26065,2,2206,13352,44871,58223
http://156.56.83.24:6003/25kb,26065,1,2606,2525,32008,34533
http://156.56.83.24:6003/25kb,26065,2,3119,2754,30012,32766
http://156.56.83.24:6003/25kb,26065,1,2154,3580,29684,33264
http://156.56.83.24:6003/25kb,26065,1,2288,4362,30189,34551
http://156.56.83.24:6003/25kb,26065,2,2304,2670,31565,34235
http://156.56.83.24:6003/25kb,26065,1,2153,2134,31956,34090
http://156.56.83.24:6003/25kb,26065,1,2646,12245,36925,49170
http://156.56.83.24:6003/25kb,26065,1,2665,4288,30247,34535
http://156.56.83.24:6003/25kb,26065,2,2486,2913,31432,34345
http://156.56.83.24:6003/25kb,26065,1,2732,12297,44878,57175
http://156.56.83.24:6003/25kb,26065,2,2084,12864,45297,58161
http://156.56.83.24:6003/25kb,26065,1,1967,13052,44912,57964
http://156.56.83.24:6003/25kb,26065,2,2376,3787,30520,34307
http://156.56.83.24:6003/25kb,26065,2,5983,2660,32165,34825
http://156.56.83.24:6003/25kb,26065,1,2283,2340,32041,34381
http://156.56.83.24:6003/25kb,26065,2,2073,3899,30685,34584
http://156.56.83.24:6003/25kb,26065,1,2989,12522,44524,57046
http://156.56.83.24:6003/25kb,26065,1,2597,2461,31789,34250
http://156.56.83.24:6003/25kb,26065,2,3002,3425,30901,34326
http://156.56.83.24:6003/25kb,26065,1,9843,7419,34162,41581
http://156.56.83.24:6003/25kb,26065,2,74172,103751,123923,227674
http://156.56.83.24:6003/25kb,26065,1,34560,56381,80849,137230
http://156.56.83.24:6003/25kb,26065,1,109252,127272,158282,285554
http://156.56.83.24:6003/25kb,26065,2,146187,189958,209928,399886
http://156.56.83.24:6003/25kb,26065,1,1180691,4961,36266,41227
http://156.56.83.24:6003/25kb,26065,1,104985,125410,165696,291106
http://156.56.83.24:6003/25kb,26065,1,115834,847143,195664,1042807
http://156.56.83.24:6003/25kb,26065,1,40647,48565,63224,111789
http://156.56.83.24:6003/25kb,26065,2,8082,4603,219164,223767
http://156.56.83.24:6003/25kb,26065,2,16756,28525,59886,88411
http://156.56.83.24:6003/25kb,26065,2,46242,38827,54184,93011
http://156.56.83.24:6003/25kb,26065,2,60714,73125,93849,166974
http://156.56.83.24:6003/25kb,26065,2,121342,142726,150034,292760
http://156.56.83.24:6003/25kb,26065,2,57053,41631,49134,90765
http://156.56.83.24:6003/25kb,26065,2,121685,124904,95891,220795
http://156.56.83.24:6003/25kb,26065,2,76969,93009,118917,211926
http://156.56.83.24:6003/25kb,26065,2,4825,6113,38919,45032
http://156.56.83.24:6003/25kb,26065,2,43841,36742,51104,87846
http://156.56.83.24:6003/25kb,26065,1,43229,39340,40015,79355
http://156.56.83.24:6003/25kb,26065,1,17618,22081,56476,78557
http://156.56.83.24:6003/25kb,26065,2,101532,1848568,269373,2117941
http://156.56.83.24:6003/25kb,26065,1,63958,55677,81500,137177
http://156.56.83.24:6003/25kb,26065,2,95851,101118,122990,224108
http://156.56.83.24:6003/25kb,26065,2,93000,108631,147128,255759
http://156.56.83.24:6003/25kb,26065,1,44101,48426,87366,135792
http://156.56.83.24:6003/25kb,26065,2,44533,3239,37527,40766
http://156.56.83.24:6003/25kb,26065,1,47888,43630,51595,95225
http://156.56.83.24:6003/25kb,26065,1,97401,90623,85417,176040
http://156.56.83.24:6003/25kb,26065,1,75369,80898,78528,159426
http://156.56.83.24:6003/25kb,26065,2,101570,83448,108102,191550
http://156.56.83.24:6003/25kb,26065,2,46935,23733,40601,64334
http://156.56.83.24:6003/25kb,26065,2,28586,19895,56673,76568
http://156.56.83.24:6003/25kb,26065,2,5823,12582,35893,48475
http://156.56.83.24:6003/25kb,26065,2,12270,14279,44437,58716
http://156.56.83.24:6003/25kb,26065,1,4204,13920,35823,49743
http://156.56.83.24:6003/25kb,26065,2,2980,2198,35847,38045
http://156.56.83.24:6003/25kb,26065,2,2256,13377,40247,53624
http://156.56.83.24:6003/25kb,26065,2,2602,11420,44883,56303
http://156.56.83.24:6003/25kb,26065,1,2194,12697,35729,48426
http://156.56.83.24:6003/25kb,26065,2,4685,5031,31976,37007
http://156.56.83.24:6003/25kb,26065,1,3255,12506,38101,50607
http://156.56.83.24:6003/25kb,26065,1,2852,12799,44889,57688
http://156.56.83.24:6003/25kb,26065,1,2343,2329,32201,34530
http://156.56.83.24:6003/25kb,26065,2,2187,2015,32519,34534
http://156.56.83.24:6003/25kb,26065,1,2572,2746,31862,34608
http://156.56.83.24:6003/25kb,26065,2,2540,2331,32182,34513
http://156.56.83.24:6003/25kb,26065,1,2134,12738,37978,50716
http://156.56.83.24:6003/25kb,26065,2,1982,4922,29509,34431
http://156.56.83.24:6003/25kb,26065,2,1981,12592,38107,50699
http://156.56.83.24:6003/25kb,26065,1,2670,12672,38134,50806
http://156.56.83.24:6003/25kb,26065,1,2545,12640,45128,57768
http://156.56.83.24:6003/25kb,26065,1,2506,1745,35863,37608
http://156.56.83.24:6003/25kb,26065,2,2251,2971,31721,34692
http://156.56.83.24:6003/25kb,26065,1,2865,11717,46096,57813
http://156.56.83.24:6003/25kb,26065,2,2231,12795,45203,57998
http://156.56.83.24:6003/25kb,26065,2,3292,11967,45364,57331
http://156.56.83.24:6003/25kb,26065,1,2575,2869,31335,34204
http://156.56.83.24:6003/25kb,26065,1,2705,4343,32324,36667
http://156.56.83.24:6003/25kb,26065,1,2024,12950,35834,48784
http://156.56.83.24:6003/25kb,26065,2,2099,13264,35733,48997
http://156.56.83.24:6003/25kb,26065,1,2456,2419,31868,34287
http://156.56.83.24:6003/25kb,26065,1,2258,15076,35652,50728
http://156.56.83.24:6003/25kb,26065,2,2943,12645,38087,50732
http://156.56.83.24:6003/25kb,26065,1,2396,2523,32285,34808
http://156.56.83.24:6003/25kb,26065,2,2443,2690,31681,34371
http://156.56.83.24:6003/25kb,26065,2,2445,3598,34732,38330
http://156.56.83.24:6003/25kb,26065,1,2178,12960,45036,57996
http://156.56.83.24:6003/25kb,26065,2,2781,13305,36736,50041
http://156.56.83.24:6003/25kb,26065,2,2292,2772,31515,34287
http://156.56.83.24:6003/25kb,26065,1,2168,3125,31307,34432
http://156.56.83.24:6003/25kb,26065,1,2471,12572,44851,57423
http://156.56.83.24:6003/25kb,26065,2,2141,2788,32000,34788
http://156.56.83.24:6003/25kb,26065,1,2360,2776,32216,34992
http://156.56.83.24:6003/25kb,26065,2,2122,12981,38044,51025
http://156.56.83.24:6003/25kb,26065,1,2476,2780,34077,36857
http://156.56.83.24:6003/25kb,26065,2,2201,12482,44332,56814
http://156.56.83.24:6003/25kb,26065,1,2278,12654,38198,50852
http://156.56.83.24:6003/25kb,26065,1,2709,11274,35656,46930
http://156.56.83.24:6003/25kb,26065,2,7571,2317,32456,34773
http://156.56.83.24:6003/25kb,26065,1,2551,12433,35614,48047
http://156.56.83.24:6003/25kb,26065,1,2482,2687,31684,34371
http://156.56.83.24:6003/25kb,26065,2,2297,2827,31433,34260
http://156.56.83.24:6003/25kb,26065,2,2633,2520,31773,34293
http://156.56.83.24:6003/25kb,26065,2,2661,1829,32402,34231
http://156.56.83.24:6003/25kb,26065,1,2275,2602,31668,34270
http://156.56.83.24:6003/25kb,26065,2,2437,2327,32168,34495
http://156.56.83.24:6003/25kb,26065,1,2229,3331,31017,34348
http://156.56.83.24:6003/25kb,26065,1,2923,1867,32473,34340
http://156.56.83.24:6003/25kb,26065,1,2468,13049,35682,48731
http://156.56.83.24:6003/25kb,26065,2,2334,2859,32092,34951
http://156.56.83.24:6003/25kb,26065,2,2424,2338,32209,34547
http://156.56.83.24:6003/25kb,26065,1,2592,2983,31893,34876
http://156.56.83.24:6003/25kb,26065,1,2520,12177,44833,57010
http://156.56.83.24:6003/25kb,26065,2,3421,2279,32357,34636
http://156.56.83.24:6003/25kb,26065,2,2577,12402,45233,57635
http://156.56.83.24:6003/25kb,26065,1,4689,4342,31206,35548
http://156.56.83.24:6003/25kb,26065,1,2077,12624,35765,48389
http://156.56.83.24:6003/25kb,26065,2,2351,13149,35936,49085
http://156.56.83.24:6003/25kb,26065,2,2707,2483,32121,34604
http://156.56.83.24:6003/25kb,26065,2,3473,13379,38219,51598
http://156.56.83.24:6003/25kb,26065,1,2720,11454,41451,52905
http://156.56.83.24:6003/25kb,26065,2,3072,2697,34688,37385
http://156.56.83.24:6003/25kb,26065,2,2498,2345,32373,34718
http://156.56.83.24:6003/25kb,26065,2,2249,2712,32191,34903
http://156.56.83.24:6003/25kb,26065,2,2252,3489,31963,35452
http://156.56.83.24:6003/25kb,26065,1,2076,13105,44889,57994
http://156.56.83.24:6003/25kb,26065,2,4674,13401,41385,54786
http://156.56.83.24:6003/25kb,26065,2,2091,13149,44767,57916
http://156.56.83.24:6003/25kb,26065,1,3069,2531,35566,38097
http://156.56.83.24:6003/25kb,26065,2,3747,11016,35685,46701
http://156.56.83.24:6003/25kb,26065,1,2152,3246,32936,36182
http://156.56.83.24:6003/25kb,26065,2,2199,2166,32387,34553
http://156.56.83.24:6003/25kb,26065,1,2371,11369,35657,47026
http://156.56.83.24:6003/25kb,26065,2,2129,3657,30878,34535
http://156.56.83.24:6003/25kb,26065,1,2024,5022,29855,34877
http://156.56.83.24:6003/25kb,26065,2,2451,2266,32349,34615
http://156.56.83.24:6003/25kb,26065,2,2374,4794,30141,34935
http://156.56.83.24:6003/25kb,26065,2,2204,2250,32303,34553
http://156.56.83.24:6003/25kb,26065,2,2324,12824,37029,49853
http://156.56.83.24:6003/25kb,26065,2,2479,14045,43900,57945
http://156.56.83.24:6003/25kb,26065,1,2177,13189,35756,48945
http://156.56.83.24:6003/25kb,26065,1,2295,2454,32340,34794
http://156.56.83.24:6003/25kb,26065,2,2545,11893,40492,52385
http://156.56.83.24:6003/25kb,26065,2,2101,13049,45042,58091
http://156.56.83.24:6003/25kb,26065,1,2503,3183,31266,34449
http://156.56.83.24:6003/25kb,26065,1,2636,2936,31756,34692
http://156.56.83.24:6003/25kb,26065,1,2122,13184,37819,51003
http://156.56.83.24:6003/25kb,26065,1,2552,13193,45087,58280
http://156.56.83.24:6003/25kb,26065,2,2029,13049,35722,48771
http://156.56.83.24:6003/25kb,26065,2,2288,2683,31822,34505
http://156.56.83.24:6003/25kb,26065,1,2959,13129,44780,57909
http://156.56.83.24:6003/25kb,26065,2,2435,12416,38063,50479
http://156.56.83.24:6003/25kb,26065,2,2753,12126,44358,56484
http://156.56.83.24:6003/25kb,26065,2,2718,13138,45153,58291
http://156.56.83.24:6003/25kb,26065,1,3148,14575,44774,59349
http://156.56.83.24:6003/25kb,26065,2,3252,2463,32370,34833
http://156.56.83.24:6003/25kb,26065,1,2777,4595,32761,37356
http://156.56.83.24:6003/25kb,26065,1,2130,12817,37888,50705
http://156.56.83.24:6003/25kb,26065,1,2548,2816,31606,34422
http://156.56.83.24:6003/25kb,26065,1,2446,2388,33255,35643
http://156.56.83.24:6003/25kb,26065,1,2178,4457,28968,33425
http://156.56.83.24:6003/25kb,26065,1,2043,12724,38222,50946
http://156.56.83.24:6003/25kb,26065,2,2202,12859,45043,57902
http://156.56.83.24:6003/25kb,26065,1,2657,3307,35021,38328
http://156.56.83.24:6003/25kb,26065,2,2614,13165,45814,58979
http://156.56.83.24:6003/25kb,26065,1,2203,14231,36557,50788
http://156.56.83.24:6003/25kb,26065,1,2302,12644,34503,47147
http://156.56.83.24:6003/25kb,26065,1,3818,2053,35643,37696
http://156.56.83.24:6003/25kb,26065,2,2197,12686,26803,39489
